# DESCRIPTION: Verilator output: Timestamp data for --skip-identical.  Delete at will.
C "-f risc_v_cache_pipeline_cached_verilator.f"
S   7484256  4855853  1765828243   624603561  1581264640           0 "/usr/bin/verilator_bin"
T    571694 21140725  1773449597   277529729  1773449597   277529729 "build_verilator_risc_cpu_cached/Vyarp_top_cached.cpp"
T     16751 21140689  1773449597   269529678  1773449597   269529678 "build_verilator_risc_cpu_cached/Vyarp_top_cached.h"
T      1514 21140791  1773449597   277529729  1773449597   277529729 "build_verilator_risc_cpu_cached/Vyarp_top_cached.mk"
T       589 21140655  1773449597   265529652  1773449597   265529652 "build_verilator_risc_cpu_cached/Vyarp_top_cached__Syms.cpp"
T       857 21140674  1773449597   265529652  1773449597   265529652 "build_verilator_risc_cpu_cached/Vyarp_top_cached__Syms.h"
T       897 21140895  1773449597   277529729  1773449597   277529729 "build_verilator_risc_cpu_cached/Vyarp_top_cached__ver.d"
T         0        0  1773449597   277529729  1773449597   277529729 "build_verilator_risc_cpu_cached/Vyarp_top_cached__verFiles.dat"
T      1271 21140770  1773449597   277529729  1773449597   277529729 "build_verilator_risc_cpu_cached/Vyarp_top_cached_classes.mk"
S      9856 21007656  1773449492   412802230  1773449492   412802230 "d_sa_cache_control.sv"
S       332 21007657  1773351074   785665970  1765430458           0 "d_sa_cache_decode.sv"
S      2798 21007658  1773351074   785665970  1765430458           0 "d_sa_cache_lookup.sv"
S      5249 21007659  1773361299   301804215  1773361299   301804215 "d_sa_cache_top.sv"
S      2367 21007661  1773358725   284749793  1773358725   284749793 "ex_mem_pipeline.sv"
S      3038 21007662  1773351074   805666148  1773274860   358975000 "hazard_detection.sv"
S      6772 21007663  1773354928   336741991  1773354928   336741991 "id_ex_pipeline.sv"
S       848 21007664  1773354644   602357145  1773354644   602357145 "if_id_pipeline.sv"
S      4509 21007668  1773360096   299944388  1773360096   299944388 "lru.sv"
S      4512 21007669  1773360127   868219424  1773360127   868219424 "lru_d.sv"
S      1407 21007671  1773358450   782659820  1773358450   782659820 "mem_wb_pipeline.sv"
S       607 21007673  1773351074   833666397  1765430458           0 "random_way_gen_lru.sv"
S       616 21007674  1773351074   833666397  1765430458           0 "random_way_gen_lru_d_cache.sv"
S      1359 21001910  1773440668   312534659  1773440668   312534659 "risc_v_cache_pipeline_cached_verilator.f"
S      7398 21007680  1773449592   813500826  1773449592   813500826 "sa_control.sv"
S       386 21007681  1773351074   861666646  1765430458           0 "sa_decode.sv"
S      2767 21007682  1773351074   861666646  1765430458           0 "sa_lookup.sv"
S      3411 21007684  1773357821   509840775  1773357821   509840775 "sa_top.sv"
S      1751 21007686  1773351074   873666753  1773277581   745119000 "yarp_branchcontrol.sv"
S      7023 21007687  1773351074   873666753  1773274772   618078000 "yarp_control.sv"
S      4207 21007688  1773351074   873666753  1773274757    93916000 "yarp_decode.sv"
S      3286 21007689  1773351074   873666753  1773274825   114618000 "yarp_execute.sv"
S      1665 21007690  1773351074   893666931  1773274984   228200000 "yarp_fetch.sv"
S      3007 21007691  1773351074   897666968  1765430458           0 "yarp_pkg.sv"
S      2990 21007711  1773351074   897666968  1773277687   137959000 "yarp_reg_file.sv"
S     22300 21007740  1773440646   892357071  1773440646   892357071 "yarp_top.sv"
